nTasks=15;
nCPUs=10;
rt=[1337.2177315909485 1519.0826048429608 2658.6419469631255 2319.996007037116 3729.668281885696 2626.3446246542385 4985.626236034106 4313.844722427855 957.0201977076392 4809.355302265299 1493.8663228119913 1819.478279055753 3509.3254084576656 4460.959776461164 1054.8751077988622];
rc=[5935.171543988427 9225.829487287569 8615.105390431814 8850.2024698776 7319.266427037319 5979.724208667933 1220.4571794283652 3198.2097429796495 8612.615343409549 6084.340738372971];
