nTasks=40;
nCPUs=10;
rt=[118.30751253759843 312.2330162363477 483.0749973827349 403.7335946639279 332.34166023324053 259.1522120206472 466.26106741909086 497.6439950576651 228.68083876002459 293.19358244173634 129.4817925226326 482.75206255482925 498.3393632575833 250.15869623980188 240.4610619448636 360.3490733847862 480.95072290762886 408.0528851147055 157.52562039216286 380.7432116122169 479.2551630363658 298.568155495098 113.95418018697505 260.04492535760414 203.5826944780661 245.11913076797575 239.29936180072445 129.11966916458567 117.45379497176009 262.9733864404028 379.95352611614453 129.92233851362752 468.50249954608535 208.86122814426966 270.95879320010545 143.4372883471004 264.44684265230745 140.74390856966693 293.0129818528791 264.2211404114781];
rc=[7031.283129413583 8649.877193847002 6161.629181921995 6009.067437849531 8022.44333428887 7014.299904977052 7889.52339823789 8235.781764398058 9870.571804707191 7900.002565681185];
