nTasks=40;
nCPUs=10;
rt=[295.47641852316616 318.54927051039544 144.72865800462404 408.28303401180943 422.8005956304481 200.60618189884076 285.6541363027818 486.68583982746213 457.36280897866686 443.99428991028674 198.6683225608317 450.63051000636773 332.382128238527 372.48994844243146 303.7990764025085 495.5922159264198 434.02885595565704 233.62529645890282 427.113813440158 424.7309313168909 480.83614775626535 369.0819789357724 371.19787843312633 407.5028690570456 308.7800160096565 395.03224577434383 383.35785018457864 300.4996013706867 139.0092368325731 178.51457984565235 326.5692992544804 366.4513357774614 432.50210151052005 344.466176048502 278.05890875040575 195.61620157279037 484.79975028170634 287.1864583904767 495.31872277583426 334.1590048576538];
rc=[8480.67643411342 5743.10026047039 7880.161165714764 9234.791368004639 7260.59855576152 5660.300697062267 6114.330425777414 7529.002374886363 9710.647771063437 7122.801098750478];
