nTasks=45;
nCPUs=30;
rt=[3232.0764410829383 4098.876007755211 2914.410351608209 3561.0858768216017 2575.918921603126 3717.0177924013738 3830.7933405972403 2024.0059364661017 2771.352130103771 1929.4676191853493 1955.2576355869485 4696.106734024406 3588.9624829598174 2367.9423886871136 1931.5722486588086 4476.123334840464 4996.964516371608 1180.6080037192955 3343.967157833745 1333.2435398284028 2043.9415333038357 722.8383884182655 3021.005437642055 923.9236186533603 3732.2432090554257 2449.1603453471384 652.6584635693882 4582.67436708398 1976.0285655241344 3295.1762447398155 3599.004444615091 1606.686709250557 1883.0930757418798 2895.011014231518 974.8066427384867 2653.419100533936 4451.247031810182 2759.1469022253614 4141.099969902449 3501.1735410251868 1695.5232166386304 4722.331293726421 1667.8263819961549 1811.5439263645935 4362.9166113646315];
rc=[8076.877560886847 8092.991228853578 1825.6122278201694 4438.912921635019 8642.118158239648 9246.110075809564 2815.2292509546814 8342.209196267857 3804.7290427878793 1669.7786265553805 2236.0517018232467 8081.435207967312 5915.616947801493 2448.188968731954 9662.971548370617 8564.519331030056 2624.8701587541864 1439.4615267255872 1584.444985158072 9999.964759080996 6505.41939047259 6835.094398233667 8163.59948206384 1254.4886602522308 7726.319432761636 7402.377403424814 8503.041573965103 6654.675030157375 8454.383739809811 3368.795376837731];
