nTasks=7;
nCPUs=4;
rt=[4688.721658844692 2047.6619561881587 3564.0894865676623 3826.83361788291 3683.6731391490043 530.7174209484706 2694.3055086575064];
rc=[5438.409438279352 3240.5553873405056 8718.24198063247 6383.069572720891];
