nTasks=35;
nCPUs=25;
rt=[1965.7148548070456 3845.070256228768 2941.138756805743 2415.939717450784 1524.0595262125114 3615.1678247484156 4764.714282376827 645.2329292988971 1846.9794523695075 3161.7050419558273 4016.5102560827045 1639.0167957262856 4423.9201648484595 2956.9253443328043 677.225913541288 3812.6082539303093 3016.985581683663 3722.273264840603 2095.577258287861 3503.989070661972 3264.4838730046695 3958.6625786666023 2463.636788749003 4520.310558563786 3191.9727195239943 3604.4741754492547 1258.5255623669932 4739.204779706796 4831.213305825531 1396.4860714305264 1805.940421360116 3206.371484791654 4070.436822675372 952.6086351139738 509.3683285903827];
rc=[2495.7772226546485 5660.1876012935745 7275.298258218764 7963.762448881663 7957.183937781536 8456.359844058145 5738.177756906197 4862.999786659915 5898.68523426331 9188.674779112276 7578.912088434618 8188.5829854657995 6059.434342347867 4331.136087752996 1036.9889708111903 9128.085994488498 5719.303505273874 4905.817628579731 5066.656754218317 4962.212584508343 7806.197776713509 5852.282365733018 2331.214871871888 2572.5498673694256 7775.47839919033];
