nTasks=25;
nCPUs=15;
rt=[1729.4863505142584 2710.1355766022816 3611.552123445722 4659.895393397894 1219.949110914473 3200.5779053497326 3127.283896684463 4413.731705820575 1640.7980084830197 1783.5591788864215 570.413399611329 2851.6835794773037 1886.9514268934804 927.5289324292273 3971.407237246689 3363.430185051964 2773.5798198756875 780.7027964920862 2123.738520494948 2416.2693752271325 4905.955225197723 4629.343564466747 547.1345871444857 4276.465700872624 3586.8192713908675];
rc=[9915.444595108716 8689.445665611136 3496.208457246393 2874.9722105160854 8324.11439150952 3727.2266237108206 8010.685131954844 2510.263789843756 4261.635721970271 3459.8150926983526 3803.9678003403546 5808.1548767138465 8831.855641395588 9897.68799753306 9688.50936524935];
