nTasks=30;
nCPUs=20;
rt=[1614.0326033323008 2254.4518949858284 1254.6826467343008 1569.6081861911603 1287.8436158611469 2364.799651510415 1099.770684457853 2399.5409807558517 591.2994458001051 4283.0571525304185 3641.851772912614 771.0644262465364 4727.63300356138 3846.871637503682 4132.621472505189 2613.103035254367 3235.8920718126315 1443.2498549863317 1325.611153756988 1049.2240774723512 4635.480109412495 2520.9584529512504 2413.2740654980375 698.174883806581 4793.657890594117 2946.4650600601135 2057.270278309267 1911.0826321917662 4359.990164903417 3295.136855190615];
rc=[9503.390849202116 5103.709703283893 9207.681495279334 3149.5940351428717 6047.043875966085 3232.5215181532617 2819.2254096976676 9433.136697688098 4683.634523193392 4743.507131596472 1609.9766359587288 9674.623152444225 5386.297695815188 6232.790428717065 6575.305568274614 3122.41809711979 7742.798918452574 8114.659872218387 1028.902521595333 7138.472885053958];
